436
465
493
--
--
--
433
476
--
530
--
--
396
--
512
466
477
538
426
--
--
--
464
485
463
482
441
--
--
--
572
--
464
--
517
558
511
521
561
555
491
432
473
492
--
518
--
455
522
571
--
--
512
577
--
--
469
548
509
516
498
488
--
521
442
537
519
512
--
--
--
552
540
--
488
--
--
504
498
--
490
493
473
--
472
--
432
507
--
426
466
--
--
511
494
532
485
513
479
512
--
475
478
--
498
471
497
541
503
--
458
498
481
--
--
480
479
460
529
459
451
545
519
445
--
--
--
--
--
527
461
501
468
502
552
445
500
478
441
375
487
491
--
504
440
399
382
451
544
--
585
--
487
--
489
467
533
498
511
521
431
489
542
479
488
588
505
461
529
--
548
--
520
503
--
--
--
547
--
435
507
500
462
510
505
454
488
483
533
465
518
481
--
505
411
481
--
530
503
498
--
534
557
493
501
518
441
534
--
533
--
519
516
--
421
505
507
500
476
498
--
528
491
--
495
541
--
518
528
481
495
460
500
503
526
486
520
--
548
559
481
468
513
--
--
498
498
556
--
519
523
501
420
498
457
440
--
529
489
--
490
--
550
445
456
493
--
--
--
382
--
507
451
462
--
499
466
475
--
508
494
--
--
--
505
481
424
--
462
380
--
547
--
