448
535
545
475
--
497
--
547
580
353
535
482
551
554
576
518
466
--
487
509
490
517
480
506
564
583
543
450
512
486
--
473
495
--
515
--
506
541
475
546
554
498
458
617
477
550
518
596
546
542
--
527
467
537
494
438
517
538
544
487
--
--
--
--
522
467
--
472
507
525
535
471
529
479
528
523
--
524
474
--
--
513
--
544
522
544
--
--
--
452
551
--
550
527
514
--
514
--
463
536
561
530
--
468
513
482
--
464
464
468
474
484
--
--
535
423
500
524
532
--
472
377
467
581
444
502
496
418
--
547
420
585
--
537
487
479
550
528
434
--
--
557
454
--
469
--
500
489
485
401
519
--
